0,0.906184778792452,-0.0702636231820255,-0.0440533870054915,-0.0801997066068656,0.167866584863235,0.233541166898224,-0.192770471374489,0.0246495328945731,-0.234684261305523,-0.310002819216237,0.000964862068116361,-0.0732256750076823,-0.0737112075452005,-0.0894676913229318,0.150653921690364,-0.0502244825830421,0.162399951978572,-0.0315048473579753,-0.131365614324467,-0.0449575352261489,-0.128470427500641,-0.0596902970758827,-0.0341045711618826,0.00266056053720629,0.0173908766236474,-0.117601064742838,-0.0635661258832897,-0.107957158850521,-0.134901007376402,-0.202831205626605,-0.145058201507692,0.0100125145862128,0.0266676612183733,-0.0344781552289462,-0.0718055856414568,-0.106462330728603,0.0685119965779566,-0.185181867655726,-0.0781660010660458,-0.0491576734299497,-0.0885532850025517,0.024544334453027,-0.179129321032962,0.0238604680735642,0.0838208884826237,-0.123213729609368,-0.0577737113329568,-0.0800907260283882,0.0864359657028203,0.0212351850521058,-0.0198349330514332,0.0846271074427731,0.0584747534983786,0.00284821184770609,-0.0716902862686907,-0.124921760774885,-0.037055074020464,-0.137107789368159,0.14806304760821,-0.0609478766473004,-0.0764803547297186,-0.0685887265155851,-0.0427144765206371,-0.139719612623894,0.0114675063535331,-0.069439467655408,-0.0831249358026641,-0.0974862530842966,-0.160460670600989,-0.0431380945630426,0.102396101442052,-0.0416902088971904,-0.125131933783717,0.309690352537789,0.0280075534178293,-0.0860460179868511,0.129130167305519,-0.00661784371122864,0.113158762998639,0.336656082473708,-0.087852118061612,-0.113477806696836,-0.145472278662877,-0.0957539191912091,-0.0401213201177558,0.000685759735257715,0.0353465759562008,-0.0236284326953709,-0.0829313306213434,0.161161473825481,-0.0182452368194951,0.0196005855887504,0.333744553602134,0.105762491537672,-0.123734078166678,-0.113605089437837
0.906184778792452,0,-0.163257906932083,-0.0979856841839831,-0.160314816717492,0.090001936765234,0.169553079997778,-0.104200015265879,0.108836389235655,-0.2113284535733,-0.278361270350612,-0.085173748098087,-0.103690533892894,-0.112470193947571,-0.123724547857331,0.109355186946746,-0.0822655851955525,0.0406547948574673,-0.0643014676583973,-0.260538224211863,-0.129674729314391,-0.185311599971462,-0.0989262356533869,-0.0798671533697045,-0.059967081113692,-0.0949294049078927,-0.178737968816211,-0.1106386446197,-0.220792943736382,-0.15579853510877,-0.270524058380903,-0.132638743877259,0.0604410043786766,-0.0277515393949289,-0.127227379262142,-0.138453704029835,-0.0498252009256577,-0.0630622631419403,-0.152617025917246,-0.162689284784958,-0.109629978508748,-0.0665631427764522,0.0774895131361751,-0.188577508664551,-0.0668146749469376,-0.000537671156724299,-0.111987535613667,-0.0543467310913971,-0.0634686283894381,0.00762427143028084,-0.0562435692719045,-0.114149549008568,-0.0437942808525521,-0.020321503572658,-0.0832067515237084,-0.107623544440539,-0.127730650798107,-0.138828216171353,-0.124122752347533,0.135019579146069,-0.101388746889887,0.0334913130573691,0.0568600278891258,0.0139396555391383,-0.059863770610117,0.131210591350534,-0.0875537834097444,-0.030364101583076,-0.00721716003965706,-0.0386012661551912,0.0663236436662773,0.0358735439884726,-0.0902197831114516,-0.0641124669472467,0.2737633880153,0.0438620599163379,-0.0601242968344635,0.0767319198286074,0.0306108149089654,0.138990698253239,0.156402790493831,-0.0777783598555174,-0.127030961552639,-0.122897174760377,-0.167051984548066,-0.0981947824814902,-0.0255738554775664,-0.0530163585963991,-0.252518556788392,0.00715365865121856,0.116233037079851,-0.056124484523965,-0.0214587707009092,0.406374357770235,0.0962117741798236,-0.118603216178953,-0.303032097733727
-0.0702636231820255,-0.163257906932083,0,0.834223664509686,0.720729888695226,0.613150287157195,0.212883184514602,-0.455016166798787,-0.644023596846432,0.507134738604193,0.00431082045080869,-0.243737222068609,0.708184704206847,0.673643313110457,0.767053698793417,0.390231652463877,0.391457313732136,0.525614093563208,0.631423973784529,0.54877518835936,0.778278676652435,0.761486627017387,0.728446505448884,0.60371478868044,0.759168645248137,0.660825824292103,0.589691697919114,0.446461522950435,0.739245403978072,0.689867647367507,0.642026169080863,0.618463735532886,-0.436795806927504,0.00766766344895063,0.834813291367326,0.823987495560538,-0.265371424149875,0.351377689457249,-0.369925533829517,0.887647750224821,0.73563509452937,0.392771272475658,-0.504927690983276,0.330507804770003,0.310526267257412,0.51001638384854,-0.00545935580117631,0.0893248568649218,-0.253737414670234,0.671659244247349,0.619991445703308,0.410750526863124,0.292232116187724,0.380840132269056,0.339598744461985,0.0325080716659441,0.156601225121775,0.686789708407176,0.184225639461875,0.551157678687423,0.560964244500308,-0.462817487282026,-0.551871194564983,-0.463800335897233,-0.342465282058275,-0.213103055727598,-0.255589546655011,-0.399244500506192,-0.407648934469245,-0.422812323248619,-0.216962030184289,0.0707481578279537,0.337907201557234,-0.301686960945982,-0.206725185106626,-0.123937611693771,-0.254026160987659,0.000868835385256563,0.124711456075594,-0.307877059710492,0.207345487775101,-0.300168441455857,-0.137241085762027,0.320116643137016,0.161655923766196,0.336066181051817,0.605075474015626,0.378097514746268,0.749046407779021,-0.193772140181751,-0.0606242976121884,0.266486220903016,0.328231394627334,0.0642554094105978,0.315340182071836,-0.141345087502535,0.407873583086704
-0.0440533870054915,-0.0979856841839831,0.834223664509686,0,0.668167583107446,0.768334023215479,0.464368773963887,-0.598899273238438,-0.686963944844415,0.545174307569813,-0.00112898405198619,-0.345789038519192,0.75849821866929,0.834106668128283,0.814328654516153,0.554527903997833,0.336872863982532,0.661646645161147,0.809941052463147,0.461866963693973,0.865441414890965,0.674640881233773,0.818214939089605,0.608436381993799,0.911380058558128,0.797051609946439,0.692768766580009,0.548043311615806,0.730283297707119,0.759414679116972,0.702828513396757,0.779270933480543,-0.261600149971491,0.133891349027491,0.82114739222008,0.88990765847717,-0.222325792883412,0.530943282626692,-0.470270459172387,0.855252736858693,0.874704976990738,0.359980340551116,-0.584903116039854,0.220909569226148,0.393201042820935,0.671682369501475,0.0247759002956784,0.295877822084129,-0.359725607915131,0.840354628608193,0.769018886337624,0.489920686237173,0.426231916868469,0.572726249358832,0.47926919756489,-0.109985344574265,0.0706901492806798,0.758489837735405,0.412171977130733,0.711620362119863,0.515939777073383,-0.690035728500467,-0.775220143852681,-0.609479945516926,-0.510286848592692,-0.322916487449683,-0.35425556559017,-0.558520462291757,-0.594045324596468,-0.610012439563145,-0.332053432106773,0.114356175810368,0.552738366799517,-0.276283382921739,-0.097246244979686,-0.233914705067886,-0.36178499283241,0.0342176096537324,0.128022185875813,-0.30455385118048,0.202273721468995,-0.426071703156469,-0.144872161587747,0.514593935768049,0.117727593953283,0.409935820554929,0.70681926959049,0.539645122527518,0.761783419805697,-0.312574186835055,0.0391628944829437,0.480971607294995,0.553196574553024,0.104232600105566,0.419538851639473,-0.223297230409421,0.449124741000587
-0.0801997066068656,-0.160314816717492,0.720729888695226,0.668167583107446,0,0.562376279155119,0.247017175740464,-0.384447185037159,-0.490518237091119,0.491573727394812,0.193083044660178,-0.147404704929436,0.627462618537017,0.611374809534604,0.630164703407885,0.432640061025737,0.1939238579886,0.518572795536866,0.481661443545079,0.420877268733974,0.66241078609795,0.614576064306506,0.698980618172961,0.596693088929226,0.660727019389432,0.634792282785015,0.479226290089979,0.408255315968505,0.613496130410509,0.51377394996049,0.470499070399362,0.444597749924261,-0.263271714083167,0.142714618752084,0.756457227036806,0.727993047743823,-0.28624154829234,0.428274110046088,-0.377775388456252,0.794751351623409,0.69139731192978,0.21730091793124,-0.533679612584176,0.422216598357713,0.385012838424357,0.511261246429812,0.108900377485226,0.260768473791741,-0.31673203816656,0.665941511093553,0.595294428260494,0.557328603802949,0.299365383288922,0.475867900517438,0.452845917801306,-0.145281217353764,0.0102651701486496,0.754859527964864,-0.088243091854053,0.540639539712485,0.429399033577352,-0.482742660349718,-0.597748994977564,-0.439518622922654,-0.409323526017838,-0.189437832439776,-0.320060546909014,-0.341860861754051,-0.448193787336204,-0.470281665324601,-0.272439095091556,0.0566222510360796,0.236759726798706,-0.199323868205315,-0.173909698575018,-0.12533329520654,-0.313606994566769,0.208302733887268,0.170617910483311,-0.0997637939448631,0.219322538126546,-0.325887860058015,-0.0136445798829429,0.380662563532854,0.195884387056071,0.53730165033862,0.586474675355948,0.5488740014296,0.618909676067615,-0.234180877555977,-0.0268465024631655,0.333206319070227,0.433535869580141,-0.512201534127662,0.458562022985353,-0.146392355944916,0.501349861551438
0.167866584863235,0.090001936765234,0.613150287157195,0.768334023215479,0.562376279155119,0,0.518912598916399,-0.665756895374526,-0.50318685077073,0.348577063850326,-0.0780310820733105,0.0160400419608307,0.50329923294837,0.676658426045685,0.63618997957673,0.648478314822466,0.278701198926701,0.592051889809698,0.642391808239676,0.297787197202941,0.685964430135138,0.505176940118866,0.71275789777951,0.599809738139396,0.79678913349251,0.621994759056362,0.463899476772031,0.481271379505741,0.592427075909656,0.521791157605935,0.497583715702291,0.542496906284842,-0.184925078470691,0.115147233317905,0.690865220508944,0.718223580710264,-0.235865349466836,0.558466673579051,-0.494647205587109,0.662456031175852,0.748862097651578,0.205411585371829,-0.554266538917344,0.223794131393097,0.410506013919877,0.672442098077883,-0.079100118608972,0.477266500759174,-0.421048539470698,0.767851683226394,0.66462139111337,0.417597754053139,0.374037361062132,0.568214809186085,0.50156149014478,-0.0596694025140305,0.126162745012112,0.667440668008926,0.210123044510764,0.613143232824122,0.221314913731122,-0.687618595638257,-0.736513889548109,-0.497252503002525,-0.534510077976235,-0.324470798533141,-0.42041713304923,-0.484956729981816,-0.570441176367922,-0.630115934872923,-0.397632718970366,0.268263117050279,0.533998627157891,-0.167097651801276,0.130128778670178,-0.213977178069039,-0.391088554745205,0.14413331769679,0.117353336122531,-0.0129026425545377,0.299042062748647,-0.4373648096619,-0.0973954780061557,0.445583881897361,0.140873500944653,0.465020449865036,0.652309091935452,0.592263212586651,0.651055064002936,-0.327415795778587,0.120154378676349,0.588415553956358,0.583440925573353,-0.138305837786576,0.582796990997483,-0.228604166263213,0.292118393265568
0.233541166898224,0.169553079997778,0.212883184514602,0.464368773963887,0.247017175740464,0.518912598916399,0,-0.549234742114121,-0.309444974085251,0.0650622773479984,-0.10314094936953,-0.163391631212043,0.299039355196651,0.43982515849515,0.349079825303534,0.381480339246085,-0.0720075615593929,0.498099372701629,0.506554188992068,0.116702353682379,0.383391431219597,-0.0558599476902767,0.404142164383015,0.306896178202616,0.501182440430029,0.410976358955362,0.393699807678244,0.317067166422298,0.140054734611723,0.222195833952507,0.457505658909701,0.39938276901249,0.286179507096034,0.343558677624258,0.326277738160821,0.300829539192577,0.134062728907201,0.443375324969803,-0.191722621569386,0.278711277525538,0.47032653362267,0.201619559306446,-0.0619163753900179,-0.174516228434862,0.456978316072058,0.229888288614992,0.11661404370315,0.255254768398225,-0.162292978572661,0.467467747721215,0.387264098849886,0.231957844482771,0.32642490570818,0.276407966740743,0.262670884293319,-0.410882060497323,-0.191741551056776,0.460227113608374,0.386485524912643,0.40871681283312,-0.0936037737741194,-0.445920860796774,-0.359302574748129,-0.143513188683917,-0.316117564205574,-0.270100393334041,-0.143234206392304,-0.235920243675504,-0.217356813471867,-0.339627803563043,-0.243701636864986,0.475785945209018,0.299289076547432,-0.0903661768538857,0.144884625386534,-0.221323947353802,-0.145010617460444,0.324738058347232,0.261827161796837,-0.0793000184511677,0.093113419460369,-0.225059612183998,-0.334647488626756,0.323589661084896,-0.325364018772482,0.0855020669611124,0.447161490922082,0.359655585353868,0.292395628583873,-0.255648033373079,0.426286802564994,0.339013383321034,0.497172588452127,-0.201555766413989,0.547418836495307,-0.219448095978575,0.340007052842694
-0.192770471374489,-0.104200015265879,-0.455016166798787,-0.598899273238438,-0.384447185037159,-0.665756895374526,-0.549234742114121,0,0.58909034650438,-0.451125081492352,0.0381665739715794,0.162114280075379,-0.529610028616509,-0.597646137113919,-0.559513680773784,-0.553946329277929,-0.0871407088487848,-0.395747184123778,-0.630883940881327,-0.29736751621901,-0.530456353369213,-0.370919272283906,-0.586642231129747,-0.339410103593293,-0.659505186240275,-0.666647201848827,-0.437605739794559,-0.323857439889602,-0.465951198594403,-0.458957737180936,-0.405750416318256,-0.56850501427587,0.24292101546498,-0.106048260316981,-0.544505138405938,-0.612492778711761,0.232024484936671,-0.462677305321972,0.464486336613357,-0.557523003391096,-0.709424145969266,-0.173698607602929,0.497434044674036,0.0761124162036086,-0.451452506065363,-0.509405551193022,0.169828477977073,-0.203256427881129,0.210699220959294,-0.710107596100638,-0.469645764836643,-0.399986589973218,-0.20916326704423,-0.493780187263991,-0.337496778176044,0.382067689542591,0.149360992593368,-0.619246491113575,-0.13673604692914,-0.583618971559396,-0.168707196314397,0.740612895214178,0.670470816056875,0.577757524276135,0.413249766176923,0.311781275502456,0.245316741512935,0.222122572487045,0.622005181948938,0.593264417752844,0.455847755766991,-0.217206404332483,-0.622569154269804,0.180908115133922,-0.230624482125797,0.179682067133308,0.186833603100018,-0.00389171484788729,-0.0680246911396729,0.0556425852520433,-0.352999521174313,0.229800333897695,0.330140091505597,-0.272215331563697,0.0507915207678971,-0.300105595342271,-0.488766950479142,-0.447248572426259,-0.574129426930358,0.335642819220916,-0.255404665981954,-0.368338782045376,-0.615566060341781,-0.0403168251860318,-0.595102680627108,0.0891418873340011,-0.179692735040161
0.0246495328945731,0.108836389235655,-0.644023596846432,-0.686963944844415,-0.490518237091119,-0.50318685077073,-0.309444974085251,0.58909034650438,0,-0.500694172983875,-0.161280877149734,0.212608606236669,-0.657676584770285,-0.588364385764256,-0.639692453814633,-0.37724977981783,-0.204035017501137,-0.409694199155634,-0.668550591233019,-0.473597000438387,-0.649716221856213,-0.580363308820708,-0.550984816618958,-0.505798864127486,-0.726909342841061,-0.734700268312084,-0.511427199048439,-0.451533125704253,-0.554835104377992,-0.534741546529964,-0.532057095269734,-0.56400159269346,0.341070307522958,-0.179286541547667,-0.655568289041163,-0.724286221124514,0.23960701232264,-0.556364849138647,0.290952113597411,-0.618070878682862,-0.703399407347572,-0.355783676422349,0.456328114132205,-0.203847081356522,-0.447058419912128,-0.542263163852184,0.0130396890137833,-0.1644089524857,0.287784341170917,-0.677467058793989,-0.595078671712869,-0.556712422002167,-0.430900186120518,-0.599435748666211,-0.550854129512068,0.0592709271885399,-0.113525368525557,-0.615155736168782,-0.250396047716006,-0.613663550315522,-0.41291371146387,0.653195858236306,0.671823985651501,0.424068587054166,0.452967924674702,0.467420254597726,0.264756414480657,0.452542160816254,0.524990100259801,0.578298244988649,0.333009918339633,0.076075380239457,-0.571094295962639,0.26800550762601,0.104778377683877,0.257927655827082,0.328255830306126,0.234455091721532,0.0301065505153682,0.129323007785274,-0.29478433812005,0.369861706288987,0.20426534348281,-0.368051781100051,-0.0811080408288306,-0.449513768960262,-0.443514195148986,-0.532696578743359,-0.735051959650432,0.362837750538617,-0.0755451290144448,-0.259029251827963,-0.513092855541152,0.863320303551768,-0.515992185218933,0.0604599734537003,-0.451341014612899
-0.234684261305523,-0.2113284535733,0.507134738604193,0.545174307569813,0.491573727394812,0.348577063850326,0.0650622773479984,-0.451125081492352,-0.500694172983875,0,0.407410066685771,-0.070488347773716,0.628228646783864,0.6325164646527,0.631955335959609,0.262310502225632,0.19173816144071,0.255610993903467,0.500087471337615,0.411365100680835,0.600948920347624,0.617072842749014,0.51844430286491,0.420956197642468,0.577151231823218,0.603596972947122,0.386702467872361,0.490895276441184,0.612982789613608,0.550291134138256,0.421823645288143,0.555336234968311,-0.290583618068698,-0.0405125485860464,0.542274348214933,0.606943730378456,-0.42402379474688,0.508974996293448,-0.450915990566163,0.597977964835487,0.584456472749879,0.381692431908425,-0.511010716566569,0.320118371146858,0.265867775598433,0.46326403416185,0.199257957033726,0.213651032086928,-0.350752045154349,0.624663755337153,0.597459435876656,0.633257870238619,0.238823329587385,0.508977937284561,0.452103691346701,0.0185970101629973,0.188720198231511,0.562344658952611,0.0241366824184387,0.376684071368811,0.469521071202654,-0.526658285664327,-0.572153403608392,-0.433359152333433,-0.527818132827617,-0.243787939740302,-0.330476086386483,-0.286072561040154,-0.497162297707988,-0.591462247688212,-0.39405094361169,-0.0745330993211343,0.490386094834129,-0.0654374306160887,-0.190195265301146,-0.0316316783738754,-0.271962664201887,-0.182263363769675,-0.12508115253244,-0.22609435714888,0.0489027575197006,-0.341934863577423,0.191410383869597,0.367133013857753,0.345900069953961,0.511769182541771,0.418188322055104,0.555481056121434,0.560454029121699,-0.424237784566516,-0.0401651991971681,0.15846511527363,0.293373259009737,0.255530593870875,0.041834628269562,-0.206822034665217,0.396269747028161
-0.310002819216237,-0.278361270350612,0.00431082045080869,-0.00112898405198619,0.193083044660178,-0.0780310820733105,-0.10314094936953,0.0381665739715794,-0.161280877149734,0.407410066685771,0,0.0609299994716951,0.0608087958286342,0.113463839212056,0.0813581667130708,-0.137305062469588,-0.164932652697208,-0.146888850809894,-0.0466756565106514,-0.0121247933967271,0.00934328270799239,0.14856216390865,0.00887956315638505,0.129006255378233,0.0428674920809125,0.0634598855954026,-0.124076766886278,0.222581665744145,0.134229555855823,-0.00793621066214531,0.0621412262423385,0.0360223951613629,0.164010510726633,-0.0426837521876321,0.0282451296068475,0.0155136682121902,0.0631339256112464,0.10180370557243,0.293912913263302,0.0262847355166977,0.00181808503836806,0.144881038932886,-0.0060757787070472,0.268349951694623,-0.0125666320242166,0.105820724745121,0.110070229002933,0.0570823200934851,0.0543555621573529,0.0674863485027458,0.216837004932177,0.349427013170979,0.168570640311327,0.266407725054503,0.420420776244145,0.00747741574518296,0.189325331052833,0.179431349329237,0.018297124624023,-0.0255947349410575,0.0027499528076953,-0.135631857000076,-0.111246333989767,-0.12192538013805,0.119276611375398,-0.318991656165739,0.0145568301484497,0.0546790878005652,-0.0917287550035214,-0.0529014302718114,0.0841820473323076,-0.0655797578718944,0.0968225912283555,0.124145111961222,-0.416843755349503,-0.0656249610169263,0.0478332852813116,-0.00547983007562715,-0.176363556548536,0.0083335510289331,-0.196445631466029,0.0101703763473284,0.273478144231796,0.20245688300993,0.012451202842202,0.229584621229528,0.0665386194441455,0.169466998876171,0.0506095103748797,-0.23849266211635,0.0979720761019836,-0.195563659424618,0.0209540360602665,-0.917430838764187,-0.00859956613639585,0.29281633209764,0.376023667731569
0.000964862068116361,-0.085173748098087,-0.243737222068609,-0.345789038519192,-0.147404704929436,0.0160400419608307,-0.163391631212043,0.162114280075379,0.212608606236669,-0.070488347773716,0.0609299994716951,0,-0.270274094701479,-0.306705025301944,-0.266930902439533,-0.122889962724372,0.0506044201954007,-0.270058064651476,-0.298552301099298,0.0230613359507033,-0.267450051407409,-0.0899540255709029,-0.220242809362951,-0.0972637019852552,-0.263256538074264,-0.346151104612537,-0.217161961936878,-0.0727260721203789,-0.0445779136874078,-0.261915637200678,-0.198265916749238,-0.274113611019475,0.0983699833907428,0.0505494315574026,-0.299284134678906,-0.25526155347909,-0.170120658674304,0.00702498268653254,0.0525893687263941,-0.269558808007901,-0.270781748783742,-0.234802531865562,0.0252083961266563,-0.0603790111107211,-0.142391699157245,-0.177254377998258,0.000263772435076811,-0.108544172671193,-0.0307910915105901,-0.223065224775215,-0.231347215313686,-0.160398652272726,0.0369780626051114,-0.0955050561430572,-0.0842037256348947,0.256191761131588,0.146779958928678,-0.319772551120977,-0.248289705031049,-0.349635521814325,-0.269621772267363,0.145505663708949,0.129073145851493,0.0633007683985009,0.0367730082482173,0.000276697541427058,-0.00129755845082331,0.232248857367281,-0.0164923480658969,0.0863977925918174,-0.0829721339333958,0.0433927158736782,-0.0466291013573246,0.265998425021875,0.0941867760521667,0.0946383351906178,0.00889693464214692,0.0721487593931571,-0.0350455232616368,0.243498713197475,0.131056131464217,0.060679412764252,0.180025249007617,-0.177404550913324,0.239408436011727,-0.194151038653851,-0.272277777446476,-0.122826193916472,-0.349371772696359,-0.0470877441031199,-0.0620539425976489,-0.129321303148273,-0.212876285359552,-0.176522463212458,0.0378314105825197,0.124003898952894,-0.20504724358027
-0.0732256750076823,-0.103690533892894,0.708184704206847,0.75849821866929,0.627462618537017,0.50329923294837,0.299039355196651,-0.529610028616509,-0.657676584770285,0.628228646783864,0.0608087958286342,-0.270274094701479,0,0.832456806127481,0.921965384355083,0.41028160901679,0.195241883125672,0.471323619914394,0.86192261598804,0.527021455059088,0.828828972403181,0.702639551397178,0.777299537476438,0.62534435455691,0.784108281688503,0.664684915716977,0.625071345333812,0.517877097688532,0.663558672941168,0.81566928031244,0.694092139083298,0.726517252500437,-0.385651854589823,0.200341626619637,0.747035338685577,0.817420993770037,-0.342487390646874,0.402625725130565,-0.413342574650428,0.834182446238136,0.790019949331921,0.40934719092893,-0.622500527877341,0.145230421747327,0.385813322979417,0.557873321974178,0.10493683953904,0.234932822490245,-0.283186329239127,0.662330242800125,0.572120285263025,0.535756631334659,0.31804298841099,0.439082176600624,0.38715322824247,-0.255592116991977,-0.130670603238293,0.654639686005567,0.170600601410769,0.714930779483158,0.583992107831116,-0.497900142879649,-0.605090188276794,-0.477745207690272,-0.392500971163718,-0.192515781597589,-0.284987839114632,-0.391038613235942,-0.469522100001558,-0.485455276702142,-0.281596283100413,0.0432112686129474,0.470752764692909,-0.218009629612391,-0.10782699659599,-0.149926796183058,-0.272613958614036,-0.118576625795041,-0.0450558481220465,-0.406197977566567,0.240004904589673,-0.307737407133611,-0.217565517465949,0.422200836570543,0.135310199688537,0.337091768441887,0.640169882454312,0.456642840499172,0.772681801986511,-0.212891428832333,-0.0271473350252424,0.218173451156941,0.538265236148591,0.477728647823914,0.497233172225905,-0.116119701351226,0.439703308294671
-0.0737112075452005,-0.112470193947571,0.673643313110457,0.834106668128283,0.611374809534604,0.676658426045685,0.43982515849515,-0.597646137113919,-0.588364385764256,0.6325164646527,0.113463839212056,-0.306705025301944,0.832456806127481,0,0.934178422911802,0.53016541811963,0.217459662159891,0.676638383044017,0.842683914772052,0.516672419608032,0.89287197812255,0.656481831421021,0.804317415940794,0.690595435340202,0.891520135926819,0.719104916415914,0.574534767490849,0.57819691210985,0.745720633181626,0.816752148792151,0.71345883038887,0.795658848019274,-0.209392566459299,0.19508217013784,0.745199972376741,0.832206551497864,-0.269230095355034,0.541428292234896,-0.475060723522088,0.813494087237857,0.805814298196409,0.414979850458771,-0.601530858502912,0.113116206808617,0.450221876303639,0.682646071619973,0.169203811883702,0.403130349724838,-0.346929778244557,0.765491985294455,0.671331454759189,0.589452990691881,0.459149945013973,0.582966096545419,0.478675071878743,-0.222858260371999,-0.0511213462753688,0.739311721165508,0.27899533748562,0.719483636041434,0.472610685908046,-0.625515219176431,-0.737004826624167,-0.555897476278339,-0.505285703707877,-0.264931691806159,-0.329585832480709,-0.484366932397026,-0.560474282170303,-0.597178663386766,-0.364727384873258,0.120381953903161,0.549300729056336,-0.177437558548234,-0.0581064904210347,-0.159920948311338,-0.318763544087214,-0.0329930852810975,0.0463417071998545,-0.409376565851766,0.114301978923377,-0.370564742308508,-0.149120420818037,0.546298295265169,0.17653504910993,0.499039613841505,0.714951173318296,0.59151125603034,0.718059933231451,-0.296456290821959,0.0361281835851462,0.353969344626282,0.639912397471003,-0.532427512240265,0.513086408352913,-0.212282383620462,0.542518736728854
-0.0894676913229318,-0.123724547857331,0.767053698793417,0.814328654516153,0.630164703407885,0.63618997957673,0.349079825303534,-0.559513680773784,-0.639692453814633,0.631955335959609,0.0813581667130708,-0.266930902439533,0.921965384355083,0.934178422911802,0,0.492992524518819,0.246982919259356,0.608066054823312,0.871030555889745,0.5263206572633,0.90808524863028,0.713005810954348,0.816233128542459,0.753183703449546,0.858255078906598,0.66910969712809,0.595025621423129,0.517083532644133,0.739553774567986,0.857675536466492,0.747609366756351,0.807742867555137,-0.339112752723872,0.18252914450613,0.797705031755767,0.843186623352386,-0.276341791716149,0.448248121703114,-0.437105292554463,0.866882090987706,0.796647612669632,0.479127964838255,-0.620598770277265,0.169978016896826,0.442815896045836,0.622527598420208,0.138942866746588,0.336401028756364,-0.320853233933646,0.713718879986266,0.621029011302481,0.550504603483391,0.382467854412242,0.486294841424929,0.435317253867507,-0.185867030098869,-0.0382697362125436,0.728910578668075,0.239432753156748,0.732830046294258,0.562173474529002,-0.554436245513165,-0.655106539167752,-0.497082674978916,-0.427972644582851,-0.221236742362919,-0.318782640882641,-0.442383217713592,-0.49098664299683,-0.520488688919435,-0.303215530417247,0.115179454351816,0.516219665969427,-0.230918806978897,-0.0582573761558543,-0.124219321605738,-0.299479445247471,-0.080517271362776,0.0255393708882258,-0.427242792101565,0.191952925773491,-0.342631009167159,-0.19702668750045,0.480211712821923,0.155144566592023,0.431177019615886,0.690770469121926,0.520987371596922,0.77681021685244,-0.239043384879134,0.0245719701136969,0.258012167612422,0.589184472559082,-0.562765838160652,0.471270765498253,-0.174157040599859,0.491909517195475
0.150653921690364,0.109355186946746,0.390231652463877,0.554527903997833,0.432640061025737,0.648478314822466,0.381480339246085,-0.553946329277929,-0.37724977981783,0.262310502225632,-0.137305062469588,-0.122889962724372,0.41028160901679,0.53016541811963,0.492992524518819,0,0.477570062759954,0.599659376675096,0.477506488084177,0.261451180233185,0.618847046973901,0.332119247567551,0.481165114955118,0.486607674676817,0.614214329557872,0.554904439453752,0.41124214424202,0.300811223773656,0.399684332666661,0.313329273511798,0.349700597079922,0.362838640771555,-0.250344411017291,0.0153563409025096,0.553507602632875,0.534093690793563,-0.156110021423979,0.368817271254135,-0.380315020625395,0.515713555042646,0.52184870469787,0.13771524793419,-0.385047788635968,0.0964654033392666,0.447048583497697,0.428549799438847,0.261599838347509,0.296341303070735,-0.270910491593267,0.516836926202351,0.304542491121233,0.229382395088146,0.201132281553152,0.384420719963458,0.255980967593044,-0.0131134922507207,-0.0917399141522471,0.51574236506071,0.10381543804602,0.417640243396125,0.212725036523842,-0.55585621263086,-0.499355445732906,-0.305283593974857,-0.363091283440688,-0.247536775038796,-0.27138845279476,-0.304700532611812,-0.397404992153054,-0.445350007688309,-0.299052086994663,0.106920812107035,0.244159480123558,0.0269675456124615,0.306254554316656,-0.248117272567179,-0.256631746714014,0.194601379697449,0.0461037570192236,-0.121769780866507,0.150852715880271,-0.237456028059598,-0.18826860856434,0.269520082239254,0.105415792562842,0.301264952941603,0.531688179402659,0.396611737419798,0.341343891052833,-0.216777890460778,0.0926710330060819,0.354265284946397,0.431837825694837,0.448719844970289,0.230463790529754,-0.113198042689133,0.240207007728648
-0.0502244825830421,-0.0822655851955525,0.391457313732136,0.336872863982532,0.1939238579886,0.278701198926701,-0.0720075615593929,-0.0871407088487848,-0.204035017501137,0.19173816144071,-0.164932652697208,0.0506044201954007,0.195241883125672,0.217459662159891,0.246982919259356,0.477570062759954,0,0.379666331390859,0.134296604033128,0.323938290124134,0.427787105470872,0.347126235786594,0.132739671018314,0.0558648812317884,0.247143648668415,0.28489835895776,0.244665613973797,0.0814045905041458,0.278121026240568,0.139044276325094,0.067862668232707,0.197198244203793,-0.285576534750174,-0.241133071665255,0.292917593372851,0.276211507538203,-0.0392387559638101,0.138581365539149,-0.187627540459388,0.330623750295364,0.210727017986199,-0.0293438793647062,-0.119075995086803,0.188620973214217,-0.0240462171503092,0.0383388647765601,0.292094066577275,0.00532640531694306,-0.118869125072785,0.210382538276608,0.0898998812459488,-0.0502806802264401,0.0246101013861276,0.143686662512997,0.0425142846941772,0.456539915918749,0.169409627960828,0.232193749175521,-0.0108316599634635,0.0742827621235363,0.121845967026623,-0.166567776482314,-0.218644939865181,-0.0167429346773314,-0.176408025027666,-0.138067101814878,-0.111247886311683,-0.210313634060143,-0.104349702599923,-0.203268581733264,-0.0899279923299484,-0.128909608765863,0.105432145006191,-0.137149387000921,-0.0178208680884921,-0.0485455859813163,-0.117069075450714,0.0134811949489327,-0.018469877838616,-0.0452051192866198,-0.0510795166151276,-0.112148700540711,0.0941300200290044,-0.0803978067555451,0.22953610892108,0.0882386851589136,0.221814980366228,0.133800033652594,0.065027441902586,-0.0822807879200516,-0.208521655426747,0.0899113203633695,-0.0499035659824225,-0.0844002585537336,-0.237096671529041,0.0072736394549563,0.00122754684369036
0.162399951978572,0.0406547948574673,0.525614093563208,0.661646645161147,0.518572795536866,0.592051889809698,0.498099372701629,-0.395747184123778,-0.409694199155634,0.255610993903467,-0.146888850809894,-0.270058064651476,0.471323619914394,0.676638383044017,0.608066054823312,0.599659376675096,0.379666331390859,0,0.610299931405646,0.386434334697434,0.808749691023998,0.320758400151654,0.568886267612791,0.504026338026652,0.693853384491417,0.545572636613473,0.400027425911844,0.240672328932485,0.465612268027645,0.421538195185332,0.608675879012158,0.483598556790516,-0.0943016473424989,0.121099700941926,0.606376120655215,0.587711060462433,-0.0166460643848273,0.522677537680188,-0.36846603060612,0.574270480481938,0.580179604418089,0.273193347710186,-0.319514823615516,0.0246776365168324,0.461664309807861,0.510220734692523,0.2223905641734,0.318393025886097,-0.137252835035213,0.582771958059223,0.517534967882223,0.399750764993708,0.448226752393394,0.47040457830666,0.361862915566435,-0.0670832264507753,-0.0333818144045786,0.580526680009398,0.196527551144578,0.502468653356894,0.242602469790116,-0.475208491653639,-0.52319746813489,-0.224751256144271,-0.429180636135096,-0.320068102091249,-0.0941727772080221,-0.467567869033898,-0.284807010279194,-0.487859942708136,-0.213658400596668,0.264212306660111,0.279640166202743,-0.150426678115012,0.060402264705485,-0.109877905213229,-0.137243070011199,0.198501337983401,0.118719652979406,-0.302709496703258,0.181471298968709,-0.197670921452839,-0.115461423007065,0.321854044591273,0.0831686399158064,0.35388264298744,0.480566299267946,0.50432118012772,0.565822472688965,-0.213757089891548,0.0979560064231589,0.426816803738368,0.479106415300764,-0.723634131555479,0.347927901765357,-0.185591973593386,0.535716119165202
-0.0315048473579753,-0.0643014676583973,0.631423973784529,0.809941052463147,0.481661443545079,0.642391808239676,0.506554188992068,-0.630883940881327,-0.668550591233019,0.500087471337615,-0.0466756565106514,-0.298552301099298,0.86192261598804,0.842683914772052,0.871030555889745,0.477506488084177,0.134296604033128,0.610299931405646,0,0.418104623026397,0.823748433198967,0.503869717945916,0.783567348202427,0.563705148880679,0.855352904765811,0.66564895086622,0.650267820687325,0.447026500335922,0.603701540239847,0.777853407099249,0.742948839756367,0.767702022175372,-0.234180476802412,0.28674090604808,0.684170245694089,0.811979546467911,-0.193529123754237,0.473756534094387,-0.384661538562787,0.749586776381222,0.834317691995079,0.460792097819594,-0.553646155126674,0.0453929714453008,0.451761998120347,0.650156008468072,0.00254043007918058,0.342476424219665,-0.28902819224699,0.719176852365465,0.584804770188703,0.486330605379318,0.411561626163884,0.481548238701231,0.446949226475814,-0.312595460374995,-0.117559728451478,0.647204106379806,0.357425939680927,0.760426684829628,0.448548856314894,-0.621793298573261,-0.674223619791323,-0.448603781419014,-0.411077777914013,-0.305893847789387,-0.289689718764369,-0.452080443678628,-0.47431599900103,-0.521769883242051,-0.27911568199572,0.212261033142785,0.621313215667887,-0.190079262882814,-0.00978871817704823,-0.212168238126577,-0.279163773892449,-0.139525763112443,-0.0207125921187106,-0.359118272734945,0.282600318430923,-0.350266095182456,-0.314762733927829,0.502207904529276,0.0206952680502844,0.342401864483225,0.550142131093327,0.460525995993644,0.789331389847098,-0.255065548257689,0.0728015899657805,0.324046337209735,0.642000395204782,-0.698225830178712,0.589334322470181,-0.158969802406662,0.404638415340112
-0.131365614324467,-0.260538224211863,0.54877518835936,0.461866963693973,0.420877268733974,0.297787197202941,0.116702353682379,-0.29736751621901,-0.473597000438387,0.411365100680835,-0.0121247933967271,0.0230613359507033,0.527021455059088,0.516672419608032,0.5263206572633,0.261451180233185,0.323938290124134,0.386434334697434,0.418104623026397,0,0.608335405817063,0.604657762447253,0.329248329328187,0.276245228618301,0.48490911643214,0.562419814436838,0.418043975587874,0.273347080924078,0.477423930153228,0.430741607132667,0.453783295632785,0.39581554146337,-0.24826432768459,0.106600236597506,0.454895434402731,0.493454613411985,-0.245628363717959,0.541303877808054,-0.3531490983834,0.533312832847929,0.433820040076195,0.216724293605774,-0.266234060037893,0.15062961407696,0.347301260639216,0.392566528351493,0.114075871888829,0.0798563643574232,-0.289266631113745,0.421929812396099,0.358385409267882,0.396069916847375,0.438769641535397,0.471544375841665,0.303507471934021,-5.04984692173375e-05,0.0126501384998795,0.418552984924942,0.105352099814422,0.327799981368653,0.385913828794686,-0.330808564572482,-0.495551092104474,-0.219285008629,-0.501304010221381,-0.295387550481909,-0.220358991902703,-0.386653484016649,-0.340050221149206,-0.492346209995863,-0.353133333622846,-0.12277335607658,0.278616144229042,-0.143640019477585,-0.0557272711245944,-0.0719575286925638,-0.273752585444677,-0.146659972877856,-0.0693976600557966,-0.30889066313656,0.248867854506203,-0.278539958741807,0.0914481185931308,0.212612118856555,0.421507672547399,0.467734827476336,0.357021605957777,0.545834283985398,0.595906739868779,-0.269130504586065,0.0489622675796645,0.149884415892223,0.300079184268005,-0.547774028653985,0.0063984566965651,-0.168988581949154,0.327113386567617
-0.0449575352261489,-0.129674729314391,0.778278676652435,0.865441414890965,0.66241078609795,0.685964430135138,0.383391431219597,-0.530456353369213,-0.649716221856213,0.600948920347624,0.00934328270799239,-0.267450051407409,0.828828972403181,0.89287197812255,0.90808524863028,0.618847046973901,0.427787105470872,0.808749691023998,0.823748433198967,0.608335405817063,0,0.678682227172099,0.761991882259829,0.674038017907558,0.891706789640567,0.71712636835479,0.608650255727665,0.505162665920805,0.744687554112118,0.770177551894635,0.757070806416042,0.747810674846678,-0.301825863024353,0.139257940845625,0.817663382705974,0.849500746190919,-0.221768588793976,0.567240442232007,-0.430521883532137,0.847440920014553,0.806316195522683,0.418362967603425,-0.600839947472367,0.194713653882604,0.449044551461981,0.643286252853673,0.203090783464134,0.352193485565899,-0.302142111091349,0.755437692244208,0.655446440869487,0.545016267685935,0.50073830328039,0.559605542579255,0.474522277245838,-0.0633858495141994,0.0268954733401313,0.742032792941153,0.251682347677815,0.655569437597391,0.497173700832605,-0.606578804363948,-0.711366843212736,-0.443627453312377,-0.498004890979275,-0.342646787276996,-0.272220140634275,-0.573004140831595,-0.469162848037751,-0.589498591681965,-0.296965570291802,0.0913486887447372,0.476002459834017,-0.203658874956334,-0.0164498465144541,-0.110036482276298,-0.2971629084936,0.0135566680861574,-0.0124698169340454,-0.428536731820821,0.2288668148869,-0.335128387979457,-0.0858850814584955,0.427762423329738,0.223625232420967,0.455945545172971,0.669678197531145,0.592765546735141,0.785651842606422,-0.28186794857515,0.0113770365532571,0.400460184498114,0.549390265641186,-0.685825869263914,0.354407896262199,-0.195699007844037,0.555100450329031
-0.128470427500641,-0.185311599971462,0.761486627017387,0.674640881233773,0.614576064306506,0.505176940118866,-0.0558599476902767,-0.370919272283906,-0.580363308820708,0.617072842749014,0.14856216390865,-0.0899540255709029,0.702639551397178,0.656481831421021,0.713005810954348,0.332119247567551,0.347126235786594,0.320758400151654,0.503869717945916,0.604657762447253,0.678682227172099,0,0.611856579598972,0.54897739594001,0.650794357231051,0.572905707373343,0.425395784173392,0.407206045602347,0.70332140402917,0.610968850429261,0.423038312877632,0.47321073135203,-0.436392145720584,-0.145773162909167,0.663273234286478,0.733732591238621,-0.506778908163623,0.489419233242436,-0.504610150341763,0.716565547828616,0.596829629715852,0.157380046262875,-0.587286789201125,0.399448385806541,0.135070858322999,0.580807534143005,0.0193236712549456,0.174999841937796,-0.366532679073718,0.654309797001534,0.605370410281844,0.588128720666531,0.337232589398962,0.600563513262278,0.504691942655074,0.128400761207562,0.228936729319338,0.561397296366017,-0.0640406931817761,0.497827572363812,0.537383026467126,-0.482187733057949,-0.629117368818068,-0.514759874407937,-0.526259899808837,-0.227088445569423,-0.326584543738536,-0.433257480708317,-0.586478096638096,-0.591988967001144,-0.396961737420225,-0.255219057832991,0.312667046508457,-0.209385409620539,-0.226056324292664,0.034802290455129,-0.335012901551247,-0.224929653327534,-0.216289699410529,-0.249174214570856,0.191107885106238,-0.323711988121898,0.179416797664333,0.320725496168747,0.474553286419016,0.585661154107788,0.607613899410635,0.582626982157509,0.628384671445209,-0.308625343443242,-0.202369292880631,0.208843676612953,0.27092513127784,0.741253473392965,0.274271690680501,-0.186820117906121,0.340931961496657
